time,x,y,z,phi,theta,psi,x_velocity,y_velocity,z_velocity,phi_velocity,theta_velocity,psi_velocity,rotor_speed1,rotor_speed2,rotor_speed3,rotor_speed4
0.06,6.520544379433714e-10,1.7836595790005205e-07,10.002706391922263,0.00018623094537861817,6.283184441365005,0.0,6.525259180890524e-08,1.5941110727191124e-05,0.09020948676677124,0.008683554326417599,-4.330897466989815e-05,0.0,434.18248763761153,434.1788551260251,433.01917593686096,433.7488578735818
0.12000000000000001,-3.9066030205034526e-08,5.814553995556302e-06,10.007095945053855,0.000666663745254148,9.015826790381709e-05,0.0,-5.160472057177546e-06,0.00021309560226867797,0.05611168907632398,0.006618992900109191,0.0044684073676322066,0.0,391.7931996122237,392.2123438587861,392.2217286490096,392.02986812131854
0.18,-3.2280371684820363e-06,3.301292898525702e-05,10.012393268915346,0.0008428578579433577,0.0005156273134998557,0.0,-0.00013512584772405712,0.0007224647547939423,0.12046055337275388,-0.005691762136466315,0.01187911871338663,0.0,425.604335957276,426.2379166155259,425.4966044249105,424.44152465370667
0.23999999999999996,-3.0175897282798486e-05,9.89147425554358e-05,10.031047490014561,0.00033477610075660635,0.0012331872737849636,0.0,-0.0008657752814021591,0.0014141651191355552,0.5012587409639291,-0.014696418726940667,0.012119279658519505,0.0,518.6061805193949,518.622901394825,518.5862295743873,517.9535708131414
0.3,-0.00010991969807066539,0.00018770753134040745,10.063841950712039,6.28303347274467,0.0018282375359000014,0.0,-0.0018592219181537363,0.0014792466833748333,0.5918467802292001,0.0025762338829843183,0.0051037958606546235,0.0,434.2070299168905,433.61805604803504,433.72663996964434,435.17474897946795
0.36000000000000004,-0.0002694448185245679,0.0002736702498693283,10.107203955681694,0.0002738948828442389,0.0019445364289714107,0.0,-0.0034857241178061662,0.0014243160839348058,0.8533949453565219,0.014874021129550236,-0.005294182889300504,0.0,486.65426052451244,485.87541867618967,484.9911470582308,485.91369712723383
0.4200000000000001,-0.0005252250083410434,0.00037035741548832677,10.16548912608774,0.0014534701478110534,0.0016092415894499723,0.0,-0.005000058579464848,0.0019267162338419091,1.0892493557195715,0.027831047341026385,-0.006182987638351678,0.0,478.99659993649806,478.92911084569914,478.19532918595166,479.1811307276917
0.48000000000000015,-0.0008610590422041818,0.0005270574791615466,10.236459392163583,0.0026959315213828106,0.001208532825098807,0.0,-0.00614981757284303,0.003470970306398001,1.2762358766365112,1.4073003727620506e-05,-0.007688384141086318,0.0,465.0714309369737,464.9536284440811,465.8159487681635,463.6358015978351
0.5400000000000001,-0.0012514801432783494,0.0007866177981449751,10.314394572136234,0.0027304607581299933,0.00031530993068518143,0.0,-0.006806808650260338,0.005182583555194856,1.3215520033417856,0.0016754083130245659,-0.03592953652096591,0.0,422.4064744557278,419.9642352144175,420.4271292718361,420.57101970092924
0.6000000000000002,-0.0016583927923045447,0.0011564800604138272,10.397343503954396,0.0031175708857134055,6.281611270803964,0.0,-0.0065454535106864355,0.007172870519221184,1.4432663146254336,0.014610681554632875,-0.023829815261567952,0.0,446.00137813623354,446.98804561074843,443.9130804055825,444.9730699894937
0.6600000000000003,-0.0020162063681436774,0.0016492039181457416,10.485279618294662,0.004046724830417681,6.2802040097981,0.0,-0.005248724501416292,0.009335812883806333,1.4878797480780452,0.017181187735029788,-0.022713886668350537,0.0,421.15034602747954,421.2467585804489,420.8108411007235,421.033190552573
0.7200000000000003,-0.0022572711638288285,0.0023076833770484936,10.579711878137658,0.006070356966081825,6.27871676232386,0.0,-0.002627459490873922,0.01279784980813361,1.6596274242651228,0.05493624239891781,-0.02929496388831524,0.0,461.04801643046875,460.5277305732651,460.22805812504237,463.2067895529204
0.7800000000000004,-0.002294834846074896,0.003243077673110246,10.686720385941463,0.009261903343268152,6.277120700502037,0.0,0.0015805023425836669,0.01878126741325185,1.906940122850569,0.04945592259514815,-0.021695179321768822,0.0,483.93287473955417,484.50444361516,483.9607299812591,483.5496980413086
0.8400000000000004,-0.0020630305788586177,0.004583363653496893,10.8052245292123,0.011810979490997298,6.275358068048789,0.0,0.006300613462187998,0.02619514714347878,2.0429606469884245,0.022484718764046608,-0.0527997125394429,0.0,453.3123319985685,450.8056585230605,452.4196388666168,450.24382070276096
0.9000000000000005,-0.0014735225665668695,0.006458091198136795,10.935265055615703,0.013193509692478678,6.271931969446559,0.0,0.013752084422953116,0.03645939957616272,2.291254283417696,0.02413427993895105,-0.06750298466223806,0.0,487.05726574268647,485.95443413606006,484.51432160311623,484.63831101520634
0.9600000000000005,-0.0003816378458776227,0.008946806401566696,11.077297049414742,0.015863348731313565,6.267723568929437,0.0,0.02309230049013506,0.04673726148968359,2.442824723913034,0.06867992826676543,-0.07601479116097702,0.0,457.72046572486096,457.03896049883616,456.7812407147783,460.3206179653122
1.0200000000000005,0.0013443892720784193,0.01209926963014865,11.22708248319305,0.02079171149634451,6.263080912408007,0.0,0.03491206672624622,0.058815636274878076,2.5497736558398176,0.10057026783375508,-0.08025110906139757,0.0,444.7998292727325,444.44800854334693,443.8390117008119,446.45367595132245
1.0800000000000005,0.003942121219369272,0.01615320021071892,11.38636526432938,0.026941977424615793,6.2578293235491635,0.0,0.05225557681282748,0.07702459773985677,2.7591408566648377,0.10611366882548674,-0.10890659825565206,0.0,477.154789285237,474.9559746309874,476.5436312753736,476.9754893467758
1.1400000000000006,0.007711509858306452,0.02144592604671295,11.558123128698846,0.03298527121892292,6.251587302946318,0.0,0.07412757157198875,0.10011855132268639,2.965565218781903,0.08685752099203793,-0.09573985135010286,0.0,477.16691544374993,478.16228750122946,476.26728077578935,474.80012450308936
1.2000000000000006,0.0128343859195757,0.028154513329329802,11.739051074311305,0.03828513199096584,6.245640327458554,0.0,0.09722129069244415,0.12402703416329809,3.065062705518945,0.09112430957845631,-0.1069013167323573,0.0,445.90254383295246,444.9812844068124,445.1460037778241,445.50148626895697
1.2600000000000007,0.019192745835014364,0.03612838636889114,11.918834914910043,0.04347858965674867,6.239144698783264,0.0,0.1151703788978931,0.14214037066649554,2.9280582486014795,0.07536068782827667,-0.11112496997601186,0.0,364.43834972117713,364.0027470483609,365.61167381879613,364.04551287002255
1.3200000000000007,0.027123037275190186,0.04565520252402165,12.099357254446565,0.048579327644963755,6.232621877938261,0.0,0.14988542335930752,0.1759388017247281,3.088867325712021,0.0994637844348981,-0.10428497233266838,0.0,464.0389369624206,464.56567853829466,463.21224236139557,465.1092187491412
1.3800000000000008,0.03726938082364422,0.05731853936893668,12.289294366513385,0.05458041900504185,6.226886436285522,0.0,0.188958503577756,0.21347292195364856,3.241870770197302,0.10110371740404323,-0.08225701906045901,0.0,462.3853927959615,464.109891278172,462.4711485053802,462.6084972925885
1.4400000000000008,0.049835637896621744,0.07132115036137826,12.487567838438396,0.06058219523299968,6.2218402355650735,0.0,0.2304231039716421,0.2538956568131122,3.3668053756814755,0.09779172642489502,-0.0880755834170245,0.0,455.5364127296611,455.065263112683,455.58266055463713,455.3261234936664
1.5000000000000009,0.06475159741796895,0.08763185147486466,12.689362279742799,0.06636355273997996,6.2161246270871615,0.0,0.2672447089673644,0.2902943813861813,3.359621170195558,0.09332008918995946,-0.11621156017529649,0.0,414.9074429553181,412.4207214345952,414.0301174786729,413.64516231785456
1.560000000000001,0.08225657281363041,0.10649596167816051,12.894710656156663,0.0714989673147004,6.20907197206558,0.0,0.31696986305760533,0.33905449520249165,3.4848393069938313,0.06193603066692387,-0.12034970098929954,0.0,456.66575867945176,456.32352997898863,457.8633804686843,455.3650794453882
1.620000000000001,0.10276592438228767,0.12826168770217666,13.105818720391326,0.0752510650699838,6.201705877233618,0.0,0.36736674755981774,0.38681049411326923,3.5517853103660886,0.06370616605263954,-0.1281008160340326,0.0,439.8080576801748,439.1516850300802,439.09156032949716,439.2412662211776
1.680000000000001,0.1264259410025688,0.1529477073885745,13.320688124945649,0.07865769054166272,6.19410692384583,0.0,0.4220164659935755,0.43638642065425703,3.6102275103966064,0.03696847745276946,-0.12389626573012025,0.0,437.65222988160207,437.9871681753556,437.8577743094651,435.62971563708004
1.740000000000001,0.15357345659183722,0.18072113572236256,13.539723828329569,0.08113160169213174,6.186260544896541,0.0,0.4836266270732221,0.4895970227225599,3.690584300711855,0.048624337414719235,-0.15033009737806186,0.0,446.11060647255414,443.9305383735288,444.32612794249155,445.2816075859956
1.8000000000000012,0.1845975179441631,0.211750870115291,13.763725623235727,0.08365626963052364,6.177337925793285,0.0,0.5513736382959776,0.5449674573507833,3.7757103488311627,0.023891509885876593,-0.1456566159151937,0.0,447.39373981764396,447.7535101207849,447.94653359582566,445.9315035650436
1.8600000000000012,0.21995319289080775,0.246213860066824,13.993616253628778,0.08529006678805828,6.168440542757056,0.0,0.6280175849614023,0.6039104488253922,3.8867765022648344,0.03318603430734983,-0.15415012156584892,0.0,456.5248547175852,455.8265056153664,455.97617489921583,456.71828473809126
1.9200000000000013,0.2600400459623254,0.2842058799492845,14.22966794083913,0.08691233469263437,6.15941321812009,0.0,0.7090902395858263,0.6626302030895829,3.981106244709756,0.010426856013572114,-0.14394275162453068,0.0,452.01833819461314,452.81929602891273,452.9052817923159,451.0710867019292
1.9800000000000013,0.30538032025937606,0.3258890571488066,14.472983495857447,0.08812488726871237,6.150758223688914,0.0,0.8031197969113241,0.7268462172770594,4.1286915777160464,0.03481591817634842,-0.1448706578852051,0.0,469.902279905812,469.81213511530314,468.37573482804487,470.2688080250802
2.0400000000000014,0.35687921410798396,0.37166780417735634,14.727530195064052,0.09075006125356033,6.1420309543534675,0.0,0.914434756789732,0.7993000681179446,4.355102396797295,0.05737991770793992,-0.14664703033775184,0.0,494.4136238294774,494.2652673132394,493.28849400801255,494.9528470555732
2.1000000000000014,0.4145014245640178,0.4213711520284017,14.990296774219594,0.09429020589825221,6.133500651240926,0.0,1.0070802895753732,0.8577654663359507,4.403362720409362,0.06206326545789659,-0.13446695271235978,0.0,442.4436121214495,443.42636830196875,441.9427532788024,442.3310976933426
2.1600000000000015,0.4776363271756953,0.47451895755953905,15.254581134159668,0.0977536097591356,6.125230950496187,0.0,1.098111414561458,0.914117037767131,4.405875355763497,0.04720908208964226,-0.14557000041700177,0.0,430.40178686381745,429.4425129878042,427.7661299473429,426.501582327352
2.2200000000000015,0.5466817893073704,0.5312860845644426,15.520847348281924,0.10073735656085958,6.116360796839869,0.0,1.2041910427616747,0.9783440046459498,4.469142929012143,0.05434337075620491,-0.15279702416647872,0.0,448.51654988299765,447.9087905659853,449.0908983513602,449.67077711631094
2.2800000000000016,0.6227588343586303,0.5922550953897565,15.793759312317311,0.10369764375592716,6.107538220073685,0.0,1.3325650451748872,1.0541974169356207,4.626946761425037,0.03675303120098922,-0.13749778021257691,0.0,478.9355381794186,480.07916899689405,479.13633271448595,477.7982877971003
2.3400000000000016,0.7059319807363134,0.6573680124945959,16.071659296366416,0.10610743422277746,6.09938200821146,0.0,1.4405604453687668,1.116395529102016,4.636070221421598,0.04623289537855252,-0.1329878951866644,0.0,434.5786348730031,434.9390096804306,433.80077426493614,434.5970517856512
2.4000000000000017,0.7958893416711209,0.7263456168923369,16.35093770565606,0.10955969610410499,6.092362638121255,0.0,1.5586336555674216,1.1830946007035585,4.672754823552134,0.07380483575136706,-0.09625872764753098,0.0,443.4880071711358,446.48184502227446,442.21607404165513,444.4839048909763
2.4600000000000017,0.8930157529749198,0.7993685664265766,16.632194523345934,0.11374181817055362,6.0867922004128445,0.0,1.6793589936257507,1.2513454613616597,4.702052499565136,0.059887092921051814,-0.08676084371971252,0.0,443.03435792489984,443.80736393353857,442.66232610531944,441.51905688703135
2.520000000000002,0.9978504026528617,0.8767662605125189,16.917006185619492,0.11741531860725996,6.08154459028572,0.0,1.815519392201308,1.328852408386341,4.790971210655147,0.06377378561073664,-0.08889583086749699,0.0,462.89428415788575,462.72021305237024,462.19134532103413,462.50011990266324
2.580000000000002,1.1104507332009703,0.9585942881602046,17.204676427713835,0.12147290852493597,6.076357005404974,0.0,1.9382201168709705,1.3990465824592224,4.797701510978489,0.07438926302429748,-0.08198832522923416,0.0,437.62305147489167,438.191415477668,437.248895390146,438.1359804924125
2.640000000000002,1.2303321176434034,1.044606620755186,17.49193920404098,0.12598867958500293,6.071607944129475,0.0,2.058181776189556,1.4683718069066076,4.7775060955593736,0.07695421129444942,-0.07401012017680082,0.0,429.686207789153,430.35687000086097,429.0653132059107,429.2877180951505
2.700000000000002,1.3586320044184876,1.135524373598668,17.783248514874256,0.13017746726326518,6.0676373705052775,0.0,2.2187049108117396,1.5625648278970294,4.931736836921623,0.04905302532737896,-0.05388898607031928,0.0,484.7543674812481,486.26121787717943,485.8756193007895,483.78210986144853
2.760000000000002,1.496609528299406,1.2321567190279992,18.08364883356327,0.13349551010689975,6.064536580418759,0.0,2.380643370917242,1.658705353629444,5.080575166473721,0.06552954846806953,-0.047593343102289486,0.0,485.8924552159661,486.3627924887288,484.57189897112727,485.8108171273305
2.820000000000002,1.6431435118969937,1.3338973678263648,18.387541925087607,0.1376048201330402,6.062336442829412,0.0,2.5039617695326917,1.7329469373593374,5.049057952805278,0.07382947217686847,-0.020804888537275842,0.0,428.4529430276269,430.7240528661291,431.67770022523234,432.3813140055217
2.880000000000002,1.797415754105828,1.4403525685293574,18.690931683775222,0.14167336570681055,6.06137432214436,0.0,2.6384169150437202,1.8158775727750398,5.063585543044664,0.051691667580021965,-0.007887255159265163,0.0,445.94011359932944,446.99431794927204,447.07561484708015,445.2711999473699
2.940000000000002,1.9600297128964366,1.5520186748912899,18.996378081428585,0.1448279824875609,6.060554522755133,0.0,2.781926653104499,1.9065253212014546,5.117436744677366,0.05429057317125083,-0.028891399990488884,0.0,460.24195257218946,458.5763077117256,459.75645904607757,459.96405803574913
3.000000000000002,2.1315929866792107,1.6693916392654122,19.306498021674276,0.14823268575332182,6.059125961497408,0.0,2.936766072344499,2.0061031929870725,5.2190718847834905,0.0612486739254612,-0.015206889261498177,0.0,475.1970728234672,476.24504866324617,475.25528606453287,475.79035495465257
3.0600000000000023,2.311169641659687,1.791965975141143,19.617113660943403,0.1516991236160221,6.058066985454012,0.0,3.0491638957060956,2.079973594637225,5.134948327880121,0.049720245849912255,-0.02304687631137578,0.0,416.7241431326119,416.0381514838442,417.7795920683062,416.77548749161764
3.1200000000000023,2.499339244084115,1.9202383286730693,19.930640984896243,0.1545149131701251,6.056469858011262,0.0,3.2229668043279442,2.195878690097762,5.314702748377417,0.04066802599649625,-0.0349403060204683,0.0,501.7258632185532,500.8613942194671,499.61852622685836,498.95903333516543
3.1800000000000024,2.6972608797911186,2.0550520355122144,20.251948981459247,0.15654554376593488,6.054488550946051,0.0,3.3743766249350746,2.297983867670423,5.394809084732545,0.01448642567214127,-0.029437777608477433,0.0,472.7963567412715,473.2198383318892,473.98493782077014,471.9684972794414
3.2400000000000024,2.903838482816004,2.1957160386769843,20.576147067334677,0.15752552545792753,6.052453980459514,0.0,3.5115397054336026,2.3907924182834877,5.411417592909275,0.01979152652032022,-0.04482344945315939,0.0,454.7994286151044,453.56469146716677,454.7165178910509,455.1413011536234
3.3000000000000025,3.1190743736825257,2.3422277868071495,20.903040382620137,0.15840650014394164,6.049722658430792,0.0,3.663002296951046,2.4928697105006843,5.484288617660036,0.001755000106494764,-0.04695668815189414,0.0,472.55588481132645,472.3903103369374,474.4270035130798,473.03973163534994
3.3600000000000025,3.3437295428764093,2.4950610586793056,21.235519691789044,0.15857666616868382,6.046849255411676,0.0,3.825480173520619,2.6013733364732614,5.597380354939777,0.004915235020042277,-0.04982469695558408,0.0,487.5127231404194,487.29716251511,486.163447817105,486.4001685090937
3.4200000000000026,3.577108473729511,2.6536972611175957,21.570411276729587,0.15867692624821128,6.043611870998895,0.0,3.9539483747096966,2.6864338245516435,5.565530569385424,-0.005769345564334158,-0.06385705953386171,0.0,444.25427556249605,443.0999009214783,443.3429458158737,442.46394319224265
3.4800000000000026,3.8176101570340193,2.817022319746583,21.90087914218513,0.15854126256404832,6.040253878328059,0.0,4.063015246288632,2.757707489181284,5.450410349170401,0.003966117758643753,-0.0436080277567584,0.0,413.9463463151604,415.7223937620313,415.15138557847865,416.0050131089827
3.5400000000000027,4.066376993146061,2.985689260285107,22.231187874586062,0.1589337835624942,6.037922964665572,0.0,4.229118134896997,2.864337019759414,5.55891517969553,0.011251697921321602,-0.030716665497520734,0.0,486.49897939804856,487.4628362391578,486.9699468141147,487.5146351458401
3.6000000000000028,4.324393444465956,3.1602832980836677,22.565090867801363,0.1600924792743985,6.035649390923851,0.0,4.371388599202829,2.955421124233376,5.570786581328762,0.031883307152658885,-0.05882399116723555,0.0,460.19363758750114,457.96201172257565,458.36724652344054,460.00429025860836
3.660000000000003,4.590950889065358,3.3403418567731844,22.899629551353282,0.16187250876405201,6.032189341108923,0.0,4.5139493875161865,3.046557901331622,5.58003122830672,0.02481987674428026,-0.05545029603069229,0.0,459.4658845537172,459.73116473945754,459.1595024904103,458.5988906282715
3.720000000000003,4.866219115251701,3.5259599815148492,23.235171255391048,0.16293888824413916,6.029291846673214,0.0,4.661684211153501,3.1406782066993437,5.6041462225159595,-0.002573176081392783,-0.03685874346205002,0.0,463.6888793987785,465.1460610319066,466.5554068318225,464.4111576369262
3.780000000000003,5.148767782227204,3.716220742799055,23.566052586414017,0.16252875827425317,6.027372534016177,0.0,4.756791597044422,3.2013785933589056,5.426019014452215,-0.01712498954417053,-0.023694134961980293,0.0,396.36065577036635,397.5685268833907,397.72587537563703,396.39052263650314
3.840000000000003,5.438381355347586,3.9109444433790914,23.891405497495835,0.16162415082121395,6.026932150568509,0.0,4.896842052326481,3.2892063567574987,5.418881423868641,-0.011266555879012322,0.013710053705348328,0.0,453.4491538828204,456.4448184525939,453.41994529058894,453.8905808734309
3.900000000000003,5.736248423521888,4.110835228071518,24.215903143326933,0.16067084123461495,6.028418571060536,0.0,5.031743642393314,3.3736575615098143,5.397678598961985,-0.027264636305035145,0.04078859506941113,0.0,448.50167053102183,450.69625016518575,451.1586577687815,449.8648433625866
3.960000000000003,6.042030720051497,4.315690920143957,24.538734281464027,0.15877289659119853,6.031654045779391,0.0,5.160557683685109,3.454646408532693,5.363514660617674,-0.04223318947014115,0.07204675424591052,0.0,445.08352641338223,447.63687619014945,445.7434960831566,444.5178333188243
4.020000000000002,6.355226541674761,4.525224436550178,24.858725054358484,0.1561468047598522,6.035629973585213,0.0,5.278810092147471,3.529556944167115,5.3032410020795675,-0.04702892414527358,0.05102818013229165,0.0,437.4199430901465,435.6688317082958,436.84909992865136,436.4477945104062
4.080000000000001,6.675118854676706,4.739011899999174,25.173977519227815,0.1532207853498706,6.038476657181146,0.0,5.383949519583336,3.5964627891498835,5.205758601048868,-0.052490441325530275,0.03909343786378307,0.0,423.18640383881825,422.1590101490115,423.6364510084632,423.164838196367
4.14,7.001584082393874,4.956964117200966,25.484787421526402,0.1507332020911667,6.040737334993082,0.0,5.497870045405642,3.6683244410822398,5.154862348502665,-0.025482250315693476,0.034685830947416035,0.0,438.4192007779643,438.05343084922544,435.84034614896086,438.0912812598064
4.199999999999998,7.336444267957289,5.180168928208797,25.79912875178901,0.1494698588943093,6.042363318457973,0.0,5.66341746474673,3.7714203705033205,5.322137579101624,-0.013416538170046774,0.004169396638657759,0.0,505.96509895976544,503.76290022224646,504.3595554864713,505.2304652806131
4.259999999999997,7.679746273770388,5.408655438225391,26.117805879968426,0.14842659828419524,6.04229661226702,0.0,5.779762311043958,3.8446196055890987,5.300420866486712,-0.026828361388921432,-0.014615529228506272,0.0,450.0376666550758,448.51422838942796,449.438088041595,448.3495137699195
4.319999999999996,8.02910811140114,5.640962078934749,26.431621527642648,0.14674233439502338,6.041077472097477,0.0,5.8656754862443305,3.8988222472572254,5.160785875126678,-0.03067966427993814,-0.03528466016563041,0.0,409.83174916753967,407.989836905469,409.07310388141076,408.72962237307354
4.379999999999995,8.384580554427929,5.877050915882267,26.740957226560475,0.14474458187328754,6.0389483114881095,0.0,5.983371369840644,3.970511640677106,5.150259708059316,-0.03912095295164017,-0.03589169172071568,0.0,450.9895720318113,450.9399974130278,452.08022047591095,451.39893621087674
4.439999999999993,8.747176973821396,6.117418169746822,27.04990723638931,0.14216826214921596,6.036489203761327,0.0,6.10314321109619,4.041376813812487,5.147888718256229,-0.05194127003079216,-0.05385884021461002,0.0,454.931044908915,453.4888151972398,454.87326436950667,453.8441547970531
4.499999999999992,9.116714965496142,6.361823392089662,27.357714608993323,0.13893270268842706,6.032946103640343,0.0,6.214889969188943,4.1050830142291135,5.112347446601211,-0.058222606245279564,-0.07225080172991416,0.0,444.9765455107459,443.4654004521557,443.83112753041803,443.3132114702621
4.559999999999991,9.49289271299623,6.609921853415743,27.663030728437654,0.13537383960805904,6.028860906930154,0.0,6.324549205040756,4.1644664070057855,5.064890747293387,-0.061591546237402664,-0.06084605658492734,0.0,439.7847878988732,440.7250869584174,439.90087881450995,439.6192295022811
4.6199999999999894,9.875029737873499,6.86116569506957,27.963028726206055,0.1318666727017188,6.0254194311162035,0.0,6.413558045957728,4.210041386371301,4.935612923161183,-0.05281908409084258,-0.05116537268868005,0.0,411.53902544525687,412.3926863543296,411.0921747358185,411.86629964325397
4.679999999999988,10.263213197145268,7.115419409117293,28.257889562020285,0.12893800488567475,6.022079819705844,0.0,6.525965141293724,4.264728039093625,4.893116617489098,-0.041808096166085065,-0.06664155370367274,0.0,441.5031548549622,440.221868676266,439.2767682420334,440.1876140229004
4.739999999999987,10.658409828281428,7.373005585476594,28.551123896373518,0.1269161692959937,6.018361726688518,0.0,6.647346559071286,4.32115564667961,4.881150243138131,-0.021064405449934022,-0.053964639196649865,0.0,450.08272155152804,451.1050483423457,449.2661788896086,450.94485544188177
4.799999999999986,11.061499994918101,7.634198585741007,28.84577874801576,0.12616138414484102,6.015076067434224,0.0,6.788933629711622,4.3850073715981575,4.9400125324365805,0.0005103014891445559,-0.05640258133688816,0.0,473.07470826117753,472.8850957884037,472.8415223254918,474.5011757700793
4.859999999999984,11.47220816901429,7.898781417559951,29.140710034926624,0.1263868051133077,6.011754839024551,0.0,6.901406849848369,4.434344631040991,4.890996544960191,0.00956725525017597,-0.05333546831277677,0.0,439.37026888379876,439.62244903861534,440.2782678624206,441.02711210788306
4.919999999999983,11.890744126675013,8.166795105966877,29.436488500536456,0.12706644862093697,6.0085526675395435,0.0,7.049678877067657,4.499321337907552,4.967440472076446,0.014633752805748877,-0.05343769936894494,0.0,480.0052052462381,479.9958046824136,480.37149388328703,480.7554950395992
4.979999999999982,12.317201286016719,8.438256813519645,29.733340008222132,0.12774877573251864,6.005527510756664,0.0,7.165581083132894,4.549375081641953,4.9275021138020465,0.003886312917088819,-0.04498048634105567,0.0,444.83460532921555,445.52518879126467,445.295149239114,444.4147328412484
5.0399999999999805,12.750163034160312,8.712511448132977,30.026212149462875,0.12793816832988192,6.003081500337071,0.0,7.266522954547562,4.5924130617056145,4.8351775026734245,0.0016554341750469057,-0.033449657067269656,0.0,426.2999621211689,427.2834423551349,428.29604281034506,428.1061439470693
